845
737 360
763 577
82 638
139 68
180 79
1 2
27 73
474 430
354 65
135 636
415 185
171 112
60 212
89 305
558 322
156 16
320 43
38 19
487 812
199 652
174 156
161 76
185 189
364 468
794 514
22 1
579 356
40 110
749 695
72 94
592 176
416 82
688 57
131 5
201 391
442 229
13 6
664 170
510 770
105 97
62 228
218 306
344 97
299 65
243 134
80 759
821 590
347 463
51 487
60 355
407 498
280 441
22 501
107 27
353 235
480 655
253 484
81 26
54 367
137 36
559 248
765 195
538 4
422 162
116 244
41 607
104 541
833 199
515 366
683 735
335 637
410 311
26 125
192 93
486 625
91 25
329 77
379 341
377 554
67 71
288 105
330 17
43 82
542 443
153 340
71 202
536 585
460 454
845 109
521 489
223 141
199 226
474 529
11 14
402 660
473 13
533 439
86 31
722 616
348 112
548 164
90 104
93 193
50 92
154 573
650 45
462 182
15 37
193 219
100 88
266 64
426 215
418 526
53 304
56 51
48 496
66 255
336 330
6 3
28 32
472 602
723 733
41 42
352 120
114 186
156 630
185 307
258 571
136 16
375 596
32 40
218 122
459 305
545 606
565 826
740 237
29 45
384 278
830 339
119 404
624 337
564 835
98 518
163 114
227 22
339 491
615 81
800 733
114 97
194 578
273 145
818 242
218 267
169 413
614 30
334 127
449 608
582 273
287 690
389 14
539 101
20 817
18 30
409 73
497 181
403 437
58 430
150 260
46 116
177 528
68 256
543 163
620 102
452 675
239 215
46 33
380 626
517 458
211 148
3 12
152 17
374 623
473 534
366 270
752 295
375 503
31 251
225 139
445 442
236 15
485 211
348 362
315 324
181 514
349 151
217 268
123 176
265 476
278 727
261 253
32 500
707 259
458 320
162 47
738 304
199 90
69 132
766 797
398 393
683 58
4 7
38 58
372 211
689 825
694 186
319 668
519 253
729 307
317 490
406 21
45 432
123 746
169 24
294 292
80 427
687 55
194 98
316 480
481 492
177 371
51 159
121 196
8 34
66 63
691 450
456 273
170 46
335 215
249 280
59 54
53 151
108 74
251 642
302 290
221 157
711 403
120 356
21 103
434 739
205 6
112 183
181 155
562 387
732 7
27 51
471 506
393 587
89 451
216 323
3 115
50 25
197 34
264 388
358 222
17 464
173 13
682 384
47 61
288 343
377 46
144 781
147 102
290 166
164 25
369 657
40 87
610 382
520 128
27 154
547 124
213 648
341 363
268 303
483 16
659 240
14 556
206 80
184 775
238 653
311 153
262 785
708 591
295 663
347 224
78 253
396 40
69 134
26 35
618 120
536 720
149 71
504 73
326 259
322 433
12 509
143 231
321 108
318 152
98 728
271 834
135 207
19 477
374 706
402 239
282 244
297 225
34 793
72 27
824 523
544 186
186 246
641 407
19 23
463 545
178 110
693 683
774 45
1 63
248 69
816 234
676 586
808 536
532 588
9 48
271 220
4 31
154 229
17 191
119 145
240 570
40 216
581 220
666 486
344 385
136 204
268 359
233 176
332 370
126 595
342 478
94 699
3 2
151 257
181 619
112 31
201 315
263 201
118 182
499 496
421 731
242 144
282 568
201 591
700 393
502 300
308 195
3 9
312 584
305 341
127 686
197 278
646 3
383 346
192 612
124 643
175 85
20 83
13 249
97 18
19 24
342 187
215 628
148 220
89 84
629 397
453 823
146 102
81 167
488 430
479 144
232 671
155 84
505 272
441 555
116 513
8 15
94 120
287 246
594 217
521 553
19 20
677 386
49 70
174 680
269 635
114 382
658 62
28 78
129 254
130 49
318 647
360 314
102 332
843 349
319 718
48 121
64 16
195 692
269 283
43 79
88 98
528 762
388 572
214 466
702 69
685 627
109 143
106 54
64 209
191 701
11 127
188 118
91 208
489 273
616 180
21 403
187 55
240 522
723 46
607 709
719 646
836 385
106 316
715 687
309 222
758 745
810 102
184 182
575 160
512 662
455 268
258 381
512 144
266 337
122 327
674 645
252 292
12 44
710 122
665 465
71 158
210 296
828 437
270 397
55 11
669 76
471 310
811 22
190 63
780 596
87 232
95 48
198 90
803 554
531 844
678 773
27 24
633 33
566 104
90 5
380 186
840 695
54 53
167 345
306 419
165 621
745 523
85 670
632 365
412 734
456 524
206 527
161 747
166 2
587 795
495 124
411 259
439 593
494 54
677 716
837 812
57 51
52 2
274 185
743 559
427 540
576 573
651 538
802 290
569 409
65 482
439 109
283 782
261 277
183 717
507 536
827 444
57 322
76 779
643 764
26 13
457 9
411 598
611 584
234 162
323 386
40 68
561 540
85 14
644 97
768 19
252 30
395 264
27 41
1 118
235 145
772 443
155 726
171 222
75 38
10 2
257 744
640 305
113 603
80 34
591 712
601 292
39 365
161 214
736 134
345 431
200 667
207 250
742 111
201 32
31 238
559 839
99 91
408 564
553 831
25 88
308 319
153 2
170 438
470 786
13 109
45 124
128 36
293 787
173 771
210 838
219 241
78 510
18 2
704 230
153 627
17 13
596 753
266 551
45 62
418 792
3 11
760 279
532 698
37 378
53 265
776 593
4 25
195 164
26 53
298 29
547 600
377 481
69 52
805 127
394 378
8 28
654 485
423 39
312 222
346 126
97 440
209 331
400 356
62 269
407 231
195 819
507 467
352 368
305 681
102 813
14 157
473 586
15 689
663 713
437 705
185 51
65 30
7 8
258 300
649 684
248 446
92 284
129 64
609 599
10 285
405 238
262 589
83 138
599 274
563 416
158 317
444 48
102 28
472 466
55 333
117 81
168 203
525 180
454 385
17 160
234 537
351 212
301 450
562 724
134 434
55 412
248 673
142 76
567 262
15 470
179 43
4 67
583 71
291 83
59 328
798 7
748 28
145 814
403 531
148 127
35 111
408 242
61 390
62 597
449 213
501 832
19 6
16 36
549 350
213 199
804 687
306 842
310 279
8 141
16 429
126 120
51 122
215 161
94 289
201 725
96 89
511 757
755 669
14 16
380 656
339 126
177 60
338 178
226 703
150 424
29 15
67 301
80 84
221 230
704 784
250 535
34 150
436 829
313 393
153 778
29 841
124 493
258 153
730 485
807 539
560 259
14 74
224 12
229 769
37 815
796 503
44 314
605 586
47 5
392 363
469 789
649 27
31 565
604 524
10 552
557 193
537 672
425 396
678 244
443 361
77 123
169 279
113 12
240 35
176 436
226 369
206 465
93 30
352 373
293 269
783 275
364 153
282 418
18 49
135 286
93 245
661 87
152 546
428 28
168 135
237 11
249 325
313 118
60 56
368 756
674 695
59 133
820 524
43 17
595 613
788 759
721 321
335 622
761 614
508 176
200 186
339 421
76 40
580 537
90 140
28 790
5 3
452 288
100 276
104 361
44 697
350 401
799 510
250 511
358 375
220 281
84 119
447 645
295 112
696 528
